Jose, Abreu, 348, 89, 27, 1, 12, 23, 7, 6, 1, 0, 0, 0, 4, 0.256, 0.312, 0.443, 0.754, 154, 50.7276439791, 0.714285714286, 0.187, 0.255747126437, 5.20778094082, 0
Ronald, Acuna, 153, 40, 9, 0, 7, 11, 2, 0, 2, 1, 0, 0, 1, 0.261, 0.317, 0.458, 0.775, 70, 23.3346107784, 0.736842105263, 0.197, 0.274509803922, 5.47856079146, 0
Matt, Adams, 176, 51, 8, 0, 13, 18, 2, 0, 0, 0, 0, 0, 0, 0.29, 0.362, 0.557, 0.919, 98, 37.3836734694, 0.944, 0.267, 0.369318181818, 8.07487346939, 1
Ehire, Adrianza, 188, 49, 14, 1, 4, 14, 1, 2, 4, 0, 0, 3, 1, 0.261, 0.314, 0.41, 0.723, 77, 26.1379710145, 0.690647482014, 0.149, 0.244680851064, 4.93514138036, 0
Jesus, Aguilar, 252, 76, 14, 0, 23, 28, 3, 0, 0, 0, 0, 0, 7, 0.302, 0.369, 0.631, 1.0, 159, 62.9824137931, 1.07954545455, 0.329, 0.440476190476, 9.29248728095, 0
Nick, Ahmed, 297, 68, 18, 3, 12, 24, 1, 1, 2, 3, 0, 1, 2, 0.229, 0.287, 0.431, 0.718, 128, 37.8941538462, 0.655172413793, 0.202, 0.279461279461, 4.35379639935, 1
Ozzie, Albies, 389, 111, 29, 3, 18, 19, 4, 0, 9, 3, 0, 1, 2, 0.285, 0.324, 0.514, 0.838, 200, 66.9899277108, 0.814946619217, 0.229, 0.293059125964, 6.36876073307, 1
Jorge, Alfaro, 217, 53, 11, 1, 5, 10, 5, 5, 0, 0, 0, 0, 0, 0.244, 0.293, 0.373, 0.666, 81, 24.5034482759, 0.585365853659, 0.129, 0.175115207373, 4.03410428932, 1
Albert, Almora, 270, 86, 19, 1, 4, 17, 1, 1, 1, 2, 0, 1, 3, 0.319, 0.357, 0.441, 0.798, 119, 44.0206849315, 0.731182795699, 0.122, 0.181481481481, 6.25557101658, 0
Yonder, Alonso, 286, 72, 14, 0, 13, 29, 1, 1, 0, 0, 0, 0, 3, 0.252, 0.32, 0.437, 0.757, 125, 42.878369906, 0.724299065421, 0.185, 0.286713286713, 5.33509671641, 0
Aaron, Altherr, 197, 34, 7, 1, 6, 33, 2, 0, 1, 2, 0, 0, 2, 0.173, 0.295, 0.31, 0.605, 61, 20.518034188, 0.575757575758, 0.137, 0.299492385787, 3.31728696453, 0
Jose, Altuve, 370, 124, 23, 2, 9, 39, 2, 3, 13, 1, 0, 3, 1, 0.335, 0.4, 0.481, 0.882, 178, 77.7399518072, 0.935222672065, 0.146, 0.283783783784, 8.36246493544, 1
Brian, Anderson, 361, 103, 22, 2, 7, 35, 8, 1, 2, 0, 0, 0, 1, 0.285, 0.36, 0.416, 0.776, 150, 58.573037037, 0.755813953488, 0.131, 0.232686980609, 6.10606949807, 1
Tim, Anderson, 317, 78, 11, 2, 13, 23, 4, 1, 21, 4, 0, 1, 1, 0.246, 0.304, 0.416, 0.721, 132, 43.996300578, 0.724279835391, 0.17, 0.296529968454, 4.84857190044, 1
Elvis, Andrus, 134, 33, 6, 1, 2, 11, 2, 0, 0, 1, 0, 0, 1, 0.246, 0.311, 0.351, 0.662, 47, 15.4763513514, 0.578431372549, 0.105, 0.179104477612, 4.05690763579, 1
Miguel, Andujar, 301, 84, 26, 2, 12, 13, 2, 1, 1, 0, 0, 0, 2, 0.279, 0.311, 0.498, 0.81, 150, 48.3169811321, 0.764976958525, 0.219, 0.265780730897, 5.95688808478, 1
Orlando, Arcia, 203, 40, 5, 0, 2, 9, 0, 0, 3, 2, 0, 0, 0, 0.197, 0.231, 0.251, 0.482, 51, 12.1712264151, 0.369696969697, 0.054, 0.103448275862, 1.99165523156, 0
Nolan, Arenado, 324, 100, 19, 2, 23, 47, 0, 4, 2, 1, 0, 0, 3, 0.309, 0.393, 0.593, 0.986, 192, 80.3312299465, 1.06666666667, 0.284, 0.432098765432, 9.51290880946, 1
Harrison, Bader, 181, 49, 6, 1, 6, 15, 4, 2, 9, 2, 0, 1, 0, 0.271, 0.34, 0.414, 0.754, 75, 27.7856716418, 0.753731343284, 0.143, 0.265193370166, 5.55713432836, 0
Javier, Baez, 323, 94, 23, 6, 17, 13, 5, 5, 17, 1, 0, 0, 3, 0.291, 0.326, 0.557, 0.883, 180, 62.5278488372, 0.930434782609, 0.266, 0.356037151703, 7.24571638886, 1
Austin, Barnes, 136, 29, 4, 0, 1, 19, 5, 2, 2, 1, 0, 0, 0, 0.213, 0.331, 0.265, 0.596, 36, 13.897, 0.564814814815, 0.052, 0.198529411765, 3.47425, 1
Tucker, Barnhart, 276, 70, 13, 1, 5, 32, 2, 1, 0, 1, 0, 3, 3, 0.254, 0.332, 0.362, 0.695, 100, 36.4085443038, 0.642512077295, 0.108, 0.221014492754, 4.61516758781, 0
Jose, Bautista, 144, 31, 11, 0, 6, 34, 1, 2, 2, 2, 0, 0, 1, 0.215, 0.367, 0.417, 0.783, 60, 24.9386666667, 0.826086956522, 0.202, 0.4375, 5.80468965517, 1
Tim, Beckham, 144, 31, 6, 0, 2, 11, 0, 0, 1, 1, 0, 0, 1, 0.215, 0.269, 0.299, 0.568, 43, 12.3262820513, 0.473684210526, 0.084, 0.159722222222, 2.89399665552, 1
Josh, Bell, 308, 77, 19, 3, 5, 38, 0, 0, 0, 0, 0, 0, 5, 0.25, 0.328, 0.38, 0.708, 117, 42.4222222222, 0.670995670996, 0.13, 0.253246753247, 4.85338983051, 1
Cody, Bellinger, 324, 78, 20, 4, 17, 40, 1, 1, 5, 0, 0, 0, 2, 0.241, 0.324, 0.485, 0.809, 157, 55.4598365123, 0.825203252033, 0.244, 0.382716049383, 6.0379660719, 1
Brandon, Belt, 281, 85, 16, 1, 13, 40, 4, 6, 2, 0, 0, 0, 2, 0.302, 0.394, 0.505, 0.9, 142, 60.7365137615, 0.959183673469, 0.203, 0.35231316726, 8.28225187656, 1
Adrian, Beltre, 218, 63, 11, 1, 4, 21, 3, 2, 0, 0, 0, 0, 6, 0.289, 0.351, 0.404, 0.754, 88, 33.9720967742, 0.722580645161, 0.115, 0.211009174312, 5.69718393108, 0
Andrew, Benintendi, 342, 102, 25, 5, 14, 49, 1, 1, 17, 1, 0, 0, 5, 0.298, 0.383, 0.523, 0.906, 179, 77.2800503778, 1.01659751037, 0.225, 0.415204678363, 8.48195674879, 1
Mookie, Betts, 283, 98, 25, 1, 22, 42, 5, 4, 16, 2, 0, 0, 3, 0.346, 0.435, 0.675, 1.11, 191, 91.0648048048, 1.34759358289, 0.329, 0.526501766784, 12.9407880512, 1
Charlie, Blackmon, 346, 96, 10, 4, 17, 34, 4, 1, 5, 3, 0, 0, 1, 0.277, 0.348, 0.477, 0.825, 165, 60.4777662338, 0.810276679842, 0.2, 0.303468208092, 6.42873893036, 1
Gregor, Blanco, 120, 29, 4, 3, 1, 8, 0, 0, 3, 2, 0, 1, 0, 0.242, 0.289, 0.35, 0.639, 42, 12.5240310078, 0.548387096774, 0.108, 0.183333333333, 3.59732805542, 0
Xander, Bogaerts, 289, 80, 25, 1, 14, 29, 5, 3, 2, 1, 0, 0, 3, 0.277, 0.35, 0.516, 0.865, 149, 55.3422699387, 0.87619047619, 0.239, 0.342560553633, 7.01521731617, 1
Justin, Bour, 306, 72, 10, 1, 14, 60, 0, 5, 1, 0, 0, 0, 1, 0.235, 0.36, 0.412, 0.771, 126, 50.8361852861, 0.799145299145, 0.177, 0.375816993464, 5.84075320308, 0
Jackie, Bradley, 264, 54, 15, 1, 6, 26, 9, 2, 10, 0, 0, 0, 3, 0.205, 0.295, 0.337, 0.632, 89, 30.749205298, 0.638095238095, 0.132, 0.268939393939, 3.89778658707, 1
Michael, Brantley, 322, 98, 24, 1, 11, 23, 2, 0, 5, 2, 0, 0, 4, 0.304, 0.35, 0.488, 0.838, 157, 57.9765811966, 0.818584070796, 0.184, 0.26397515528, 6.80594648829, 0
Ryan, Braun, 234, 55, 13, 1, 10, 17, 0, 2, 7, 3, 0, 0, 3, 0.235, 0.283, 0.427, 0.711, 100, 29.6374015748, 0.664835164835, 0.192, 0.282051282051, 4.32545860821, 0
Alex, Bregman, 354, 100, 29, 1, 19, 53, 6, 0, 8, 3, 0, 0, 1, 0.282, 0.384, 0.531, 0.915, 188, 78.3843478261, 0.980544747082, 0.249, 0.412429378531, 8.20301314459, 1
Lewis, Brinson, 290, 54, 6, 4, 10, 14, 4, 2, 1, 0, 0, 0, 2, 0.186, 0.232, 0.338, 0.57, 98, 24.0898064516, 0.495762711864, 0.152, 0.203448275862, 2.73287720249, 0
Jay, Bruce, 212, 45, 12, 1, 3, 24, 0, 3, 2, 1, 0, 0, 0, 0.212, 0.292, 0.321, 0.613, 68, 21.4661016949, 0.553571428571, 0.109, 0.22641509434, 3.44990920097, 0
Kris, Bryant, 264, 74, 20, 3, 9, 34, 11, 5, 2, 3, 0, 0, 2, 0.28, 0.383, 0.481, 0.864, 127, 52.0246945338, 0.886010362694, 0.201, 0.325757575758, 7.20341924314, 0
Asdrubal, Cabrera, 336, 94, 19, 1, 16, 23, 1, 0, 0, 0, 0, 0, 2, 0.28, 0.326, 0.485, 0.811, 163, 55.5056353591, 0.772727272727, 0.205, 0.27380952381, 6.14201702744, 0
Miguel, Cabrera, 133, 40, 11, 0, 3, 22, 0, 4, 0, 0, 0, 0, 1, 0.301, 0.397, 0.451, 0.849, 60, 25.9128205128, 0.881720430108, 0.15, 0.315789473684, 7.44304418985, 0
Lorenzo, Cain, 273, 81, 15, 0, 8, 45, 3, 0, 17, 1, 0, 0, 1, 0.297, 0.401, 0.44, 0.84, 120, 56.3836024845, 0.953367875648, 0.143, 0.3663003663, 7.84720240763, 0
Kole, Calhoun, 239, 43, 4, 1, 6, 17, 0, 0, 4, 0, 0, 0, 3, 0.18, 0.232, 0.28, 0.512, 67, 17.3884169884, 0.448979591837, 0.1, 0.188284518828, 2.35923245571, 1
Johan, Camargo, 218, 54, 11, 1, 9, 32, 2, 2, 0, 1, 0, 0, 1, 0.248, 0.348, 0.431, 0.779, 94, 35.3639525692, 0.769696969697, 0.183, 0.325688073394, 5.75196818896, 0
Jeimer, Candelario, 294, 67, 17, 3, 12, 38, 6, 0, 1, 1, 0, 0, 1, 0.228, 0.327, 0.429, 0.756, 126, 44.9345132743, 0.745614035088, 0.201, 0.329931972789, 5.29795571357, 1
Mark, Canha, 229, 60, 14, 0, 11, 22, 4, 3, 0, 1, 0, 0, 1, 0.262, 0.336, 0.467, 0.803, 107, 37.685546875, 0.776470588235, 0.205, 0.296943231441, 5.95034950658, 1
Robinson, Cano, 143, 41, 10, 0, 4, 21, 3, 2, 0, 0, 0, 0, 2, 0.287, 0.385, 0.441, 0.825, 63, 26.8307692308, 0.852941176471, 0.154, 0.300699300699, 6.96568047337, 0
Matt, Carpenter, 307, 80, 26, 0, 17, 52, 1, 3, 0, 0, 0, 0, 2, 0.261, 0.367, 0.511, 0.879, 157, 62.8406629834, 0.925110132159, 0.25, 0.420195439739, 7.40916113778, 1
Nick, Castellanos, 363, 111, 28, 3, 15, 25, 5, 3, 1, 0, 0, 0, 0, 0.306, 0.359, 0.523, 0.882, 190, 70.873129771, 0.876984126984, 0.217, 0.289256198347, 7.59354961832, 1
Welington, Castillo, 116, 31, 5, 0, 6, 6, 1, 0, 0, 0, 0, 0, 0, 0.267, 0.309, 0.466, 0.774, 54, 17.245203252, 0.717647058824, 0.199, 0.25, 5.47788809182, 0
Starlin, Castro, 367, 109, 22, 1, 7, 30, 0, 1, 4, 1, 0, 0, 5, 0.297, 0.346, 0.42, 0.765, 154, 57.0605970149, 0.722007722008, 0.123, 0.212534059946, 5.83574287653, 0
Francisco, Cervelli, 182, 46, 8, 3, 9, 33, 9, 1, 1, 1, 0, 0, 3, 0.253, 0.388, 0.478, 0.866, 87, 38.2263436123, 0.941605839416, 0.225, 0.406593406593, 7.37222341095, 0
Yoenis, Cespedes, 137, 35, 6, 0, 8, 12, 1, 2, 3, 0, 0, 0, 2, 0.255, 0.316, 0.474, 0.79, 65, 22.2505263158, 0.794117647059, 0.219, 0.328467153285, 5.77657894737, 0
Matt, Chapman, 271, 68, 15, 3, 10, 33, 5, 0, 1, 1, 0, 0, 0, 0.251, 0.343, 0.439, 0.782, 119, 43.9708737864, 0.769607843137, 0.188, 0.309963099631, 5.81967447173, 0
Robinson, Chirinos, 216, 44, 12, 1, 11, 23, 11, 0, 1, 0, 0, 0, 1, 0.204, 0.311, 0.421, 0.732, 91, 31.3491633466, 0.732558139535, 0.217, 0.328703703704, 4.89264399051, 0
Shin-Soo, Choo, 338, 98, 20, 0, 17, 58, 4, 2, 3, 0, 0, 1, 1, 0.29, 0.399, 0.5, 0.899, 169, 74.5074626866, 0.975, 0.21, 0.390532544379, 8.31281608486, 0
Michael, Conforto, 272, 59, 10, 0, 10, 49, 3, 5, 2, 2, 0, 0, 2, 0.217, 0.34, 0.364, 0.704, 99, 37.8825153374, 0.702325581395, 0.147, 0.327205882353, 4.71349269175, 0
Willson, Contreras, 286, 80, 19, 5, 7, 33, 8, 1, 3, 1, 0, 2, 2, 0.28, 0.368, 0.455, 0.822, 130, 52.219939577, 0.835748792271, 0.175, 0.297202797203, 6.68217236294, 0
Franchy, Cordero, 139, 33, 5, 1, 7, 14, 0, 0, 5, 2, 0, 1, 0, 0.237, 0.307, 0.439, 0.746, 61, 19.8, 0.722222222222, 0.202, 0.323741007194, 4.90458715596, 0
Carlos, Correa, 269, 72, 16, 1, 13, 37, 2, 2, 2, 0, 0, 0, 7, 0.268, 0.352, 0.48, 0.832, 129, 50.4961904762, 0.862944162437, 0.212, 0.35687732342, 6.68331932773, 0
Zack, Cozart, 224, 49, 13, 2, 5, 19, 7, 0, 0, 0, 0, 0, 3, 0.219, 0.296, 0.362, 0.658, 81, 26.4782608696, 0.611428571429, 0.143, 0.227678571429, 4.0163654128, 0
Brandon, Crawford, 314, 93, 21, 2, 10, 30, 5, 9, 3, 3, 0, 0, 4, 0.296, 0.363, 0.471, 0.834, 148, 56.0906515581, 0.816964285714, 0.175, 0.270700636943, 6.6423140003, 1
C.J., Cron, 316, 78, 16, 0, 17, 22, 14, 0, 1, 1, 0, 0, 3, 0.247, 0.321, 0.459, 0.78, 145, 49.7963943662, 0.757322175732, 0.212, 0.28164556962, 5.55579606565, 0
Nelson, Cruz, 280, 74, 10, 1, 22, 32, 10, 4, 1, 0, 0, 0, 1, 0.264, 0.359, 0.543, 0.902, 152, 58.5099690402, 0.946601941748, 0.279, 0.396428571429, 7.63173509221, 0
Noel, Cuevas, 124, 32, 4, 1, 2, 5, 1, 0, 0, 0, 0, 0, 0, 0.258, 0.292, 0.355, 0.647, 44, 13.3175384615, 0.54347826087, 0.097, 0.137096774194, 3.90840802676, 0
Charlie, Culberson, 160, 43, 11, 2, 4, 12, 1, 1, 3, 1, 0, 0, 0, 0.269, 0.324, 0.438, 0.761, 70, 23.7421965318, 0.720338983051, 0.169, 0.25625, 5.43253649456, 0
Matt, Davidson, 247, 55, 14, 0, 14, 39, 4, 0, 0, 0, 0, 0, 2, 0.223, 0.336, 0.449, 0.785, 111, 41.3546575342, 0.802083333333, 0.226, 0.384615384615, 5.75554512075, 0
Chris, Davis, 275, 44, 7, 0, 9, 24, 3, 2, 0, 0, 0, 0, 2, 0.16, 0.234, 0.284, 0.517, 78, 19.9780921053, 0.454545454545, 0.124, 0.210909090909, 2.31505788344, 1
Khris, Davis, 315, 78, 18, 0, 21, 30, 8, 1, 0, 0, 0, 0, 3, 0.248, 0.326, 0.505, 0.831, 159, 55.4519101124, 0.831223628692, 0.257, 0.352380952381, 6.23833988764, 1
Rajai, Davis, 140, 35, 4, 0, 1, 9, 3, 0, 16, 4, 0, 3, 1, 0.25, 0.307, 0.3, 0.607, 42, 15.3035897436, 0.605504587156, 0.05, 0.2, 3.65660993873, 0
Paul, DeJong, 167, 44, 8, 0, 8, 17, 5, 1, 0, 0, 0, 0, 0, 0.263, 0.349, 0.455, 0.804, 76, 28.4463492063, 0.79674796748, 0.192, 0.293413173653, 6.24432055749, 1
Daniel, Descalso, 220, 57, 15, 4, 9, 37, 2, 1, 0, 1, 0, 0, 7, 0.259, 0.361, 0.486, 0.847, 107, 43.0428571429, 0.884146341463, 0.227, 0.390909090909, 6.7962406015, 0
Delino, DeShields, 256, 55, 10, 1, 2, 33, 3, 0, 16, 3, 0, 9, 1, 0.215, 0.311, 0.285, 0.596, 73, 27.9385430464, 0.598039215686, 0.07, 0.25, 3.52495636566, 0
Ian, Desmond, 313, 68, 10, 2, 17, 31, 4, 0, 9, 3, 0, 0, 2, 0.217, 0.294, 0.425, 0.719, 133, 42.2342857143, 0.701612903226, 0.208, 0.325878594249, 4.56130285714, 1
Rafael, Devers, 340, 82, 20, 0, 14, 25, 0, 4, 5, 0, 0, 0, 2, 0.241, 0.292, 0.424, 0.715, 144, 44.6367847411, 0.674418604651, 0.183, 0.270588235294, 4.63535841543, 0
Aledmys, Diaz, 217, 52, 11, 0, 8, 9, 2, 1, 1, 2, 0, 0, 1, 0.24, 0.275, 0.401, 0.676, 87, 24.144279476, 0.580838323353, 0.161, 0.198156682028, 3.88033063007, 1
Elias, Diaz, 145, 42, 8, 0, 7, 11, 1, 0, 0, 0, 0, 0, 2, 0.29, 0.34, 0.49, 0.829, 71, 25.5260377358, 0.805825242718, 0.2, 0.275862068966, 6.56383827493, 1
Corey, Dickerson, 307, 95, 19, 5, 6, 13, 4, 3, 5, 2, 0, 0, 2, 0.309, 0.344, 0.463, 0.806, 142, 50.3705521472, 0.757009345794, 0.154, 0.205211726384, 6.2963190184, 1
Derek, Dietrich, 314, 91, 17, 1, 11, 18, 14, 1, 1, 0, 0, 0, 2, 0.29, 0.353, 0.455, 0.809, 143, 53.9432758621, 0.789237668161, 0.165, 0.226114649682, 6.47319310345, 1
Wilmer, Difo, 262, 65, 8, 4, 3, 21, 1, 2, 5, 2, 0, 2, 2, 0.248, 0.304, 0.344, 0.648, 90, 29.4784722222, 0.577889447236, 0.096, 0.187022900763, 3.9207820197, 0
Josh, Donaldson, 137, 32, 11, 0, 5, 21, 0, 2, 2, 0, 0, 0, 1, 0.234, 0.333, 0.423, 0.757, 58, 21.5, 0.771428571429, 0.189, 0.357664233577, 5.47641509434, 0
Brian, Dozier, 345, 77, 18, 2, 14, 40, 3, 0, 5, 2, 0, 0, 1, 0.223, 0.308, 0.409, 0.717, 141, 47.1089974293, 0.692592592593, 0.186, 0.310144927536, 4.69351634905, 1
Hunter, Dozier, 164, 35, 7, 1, 4, 13, 0, 0, 0, 2, 0, 0, 0, 0.213, 0.271, 0.341, 0.613, 56, 15.4320903955, 0.511450381679, 0.128, 0.19512195122, 3.1806598525, 1
Lucas, Duda, 183, 44, 8, 1, 7, 11, 6, 0, 0, 0, 0, 0, 1, 0.24, 0.303, 0.41, 0.713, 75, 24.26039801, 0.661870503597, 0.17, 0.229508196721, 4.67879104478, 1
Matt, Duffy, 296, 91, 16, 1, 4, 22, 4, 1, 6, 3, 0, 0, 1, 0.307, 0.362, 0.409, 0.771, 121, 46.2847058824, 0.721153846154, 0.102, 0.185810810811, 5.97936391782, 1
Adam, Duvall, 280, 57, 14, 0, 14, 29, 3, 3, 2, 2, 0, 0, 1, 0.204, 0.284, 0.404, 0.688, 113, 33.9383386581, 0.644444444444, 0.2, 0.303571428571, 4.05458028217, 1
Jarrod, Dyson, 206, 39, 4, 2, 2, 27, 0, 2, 16, 3, 0, 3, 1, 0.189, 0.282, 0.257, 0.539, 53, 18.5810126582, 0.547058823529, 0.068, 0.26213592233, 2.8832605849, 0
Adam, Eaton, 113, 36, 5, 0, 2, 10, 4, 0, 1, 1, 0, 0, 0, 0.319, 0.394, 0.416, 0.81, 47, 19.7388976378, 0.782051282051, 0.097, 0.185840707965, 6.83269533616, 1
A.J., Ellis, 105, 31, 5, 0, 1, 18, 1, 1, 0, 0, 0, 2, 1, 0.295, 0.4, 0.371, 0.771, 39, 17.811023622, 0.783783783784, 0.076, 0.247619047619, 6.24542386747, 0
Edwin, Encarnacion, 305, 69, 11, 0, 20, 34, 3, 2, 0, 0, 0, 0, 4, 0.226, 0.306, 0.459, 0.765, 140, 46.3152601156, 0.75, 0.233, 0.344262295082, 5.21046676301, 0
Adam, Engel, 241, 54, 11, 2, 2, 13, 6, 0, 10, 2, 0, 6, 1, 0.224, 0.28, 0.311, 0.591, 75, 23.608164794, 0.539682539683, 0.087, 0.174273858921, 3.25214515019, 0
Alcides, Escobar, 317, 63, 12, 2, 3, 17, 4, 1, 3, 1, 0, 2, 3, 0.199, 0.246, 0.278, 0.524, 88, 23.5594169096, 0.435294117647, 0.079, 0.13880126183, 2.44655483292, 1
Eduardo, Escobar, 327, 90, 35, 2, 14, 26, 2, 4, 1, 2, 0, 0, 3, 0.275, 0.33, 0.523, 0.853, 171, 58.1036871508, 0.828451882845, 0.248, 0.324159021407, 6.48264278129, 1
Johnny, Field, 169, 36, 9, 0, 6, 7, 2, 0, 4, 0, 0, 1, 0, 0.213, 0.253, 0.373, 0.626, 63, 17.0798882682, 0.571428571429, 0.16, 0.224852071006, 3.44147002418, 0
Ryan, Flaherty, 137, 34, 6, 0, 2, 16, 1, 4, 3, 1, 0, 0, 1, 0.248, 0.329, 0.336, 0.665, 46, 16.6, 0.625, 0.088, 0.21897810219, 4.26857142857, 0
Wilmer, Flores, 194, 53, 16, 0, 8, 17, 1, 0, 0, 0, 0, 0, 4, 0.273, 0.329, 0.479, 0.808, 93, 32.7914814815, 0.787234042553, 0.206, 0.29381443299, 6.106, 1
Tyler, Flowers, 124, 29, 5, 0, 4, 18, 6, 0, 0, 0, 0, 0, 0, 0.234, 0.358, 0.371, 0.729, 46, 18.7075675676, 0.736842105263, 0.137, 0.282258064516, 5.31688762447, 0
Logan, Forsythe, 166, 33, 10, 0, 2, 13, 0, 1, 2, 0, 0, 0, 1, 0.199, 0.256, 0.295, 0.551, 49, 13.7182222222, 0.481203007519, 0.096, 0.186746987952, 2.76411940299, 0
Dexter, Fowler, 226, 39, 8, 0, 6, 29, 3, 0, 3, 2, 0, 0, 3, 0.173, 0.272, 0.288, 0.56, 65, 20.2082758621, 0.518518518519, 0.115, 0.247787610619, 2.8417887931, 1
Dustin, Fowler, 160, 40, 3, 1, 6, 7, 1, 0, 5, 4, 0, 0, 2, 0.25, 0.282, 0.394, 0.676, 63, 17.7863529412, 0.58064516129, 0.144, 0.19375, 3.81136134454, 1
Maikel, Franco, 259, 71, 12, 1, 12, 20, 0, 6, 0, 0, 0, 0, 3, 0.274, 0.323, 0.467, 0.79, 121, 40.7241134752, 0.75, 0.193, 0.27027027027, 5.75681185251, 1
Adam, Frazier, 138, 33, 3, 2, 3, 15, 2, 0, 0, 1, 0, 1, 0, 0.239, 0.323, 0.355, 0.678, 49, 16.9426923077, 0.61320754717, 0.116, 0.217391304348, 4.27525880661, 0
Todd, Frazier, 226, 49, 8, 0, 10, 27, 2, 0, 5, 1, 0, 0, 5, 0.217, 0.3, 0.385, 0.685, 87, 29.5383846154, 0.674157303371, 0.168, 0.305309734513, 4.3581223203, 0
Freddie, Freeman, 346, 108, 24, 3, 16, 52, 3, 9, 6, 2, 0, 0, 2, 0.312, 0.404, 0.538, 0.942, 186, 80.7476923077, 1.02083333333, 0.226, 0.387283236994, 9.00904005086, 0
David, Freese, 144, 38, 6, 0, 5, 12, 1, 1, 0, 0, 0, 0, 2, 0.264, 0.321, 0.41, 0.73, 59, 20.2588679245, 0.679245283019, 0.146, 0.229166666667, 5.06471698113, 0
Joey, Gallo, 302, 57, 13, 1, 21, 44, 3, 3, 3, 1, 0, 0, 0, 0.189, 0.298, 0.447, 0.745, 135, 43.6790830946, 0.747967479675, 0.258, 0.41059602649, 4.7940457055, 1
Freddy, Galvis, 337, 79, 15, 3, 4, 29, 1, 1, 3, 4, 0, 1, 4, 0.234, 0.294, 0.332, 0.626, 112, 34.9153225806, 0.538167938931, 0.098, 0.181008902077, 3.53076295759, 1
Ben, Gamel, 172, 48, 9, 3, 1, 17, 3, 1, 5, 2, 0, 0, 0, 0.279, 0.354, 0.384, 0.738, 66, 25.279375, 0.706349206349, 0.105, 0.220930232558, 5.41700892857, 0
Avisail, Garcia, 142, 40, 6, 2, 9, 2, 2, 0, 0, 0, 0, 0, 2, 0.282, 0.297, 0.542, 0.84, 77, 23.5102702703, 0.794117647059, 0.26, 0.274647887324, 6.10362785863, 0
Leury, Garcia, 168, 46, 4, 2, 3, 5, 3, 0, 9, 0, 0, 1, 0, 0.274, 0.307, 0.375, 0.682, 63, 21.4413559322, 0.655737704918, 0.101, 0.184523809524, 4.70663910707, 1
Brett, Gardner, 296, 76, 13, 3, 7, 40, 3, 0, 8, 1, 0, 3, 3, 0.257, 0.348, 0.392, 0.74, 116, 45.9892173913, 0.751131221719, 0.135, 0.293918918919, 5.47008312584, 0
Mitch, Garver, 163, 42, 8, 0, 4, 16, 2, 2, 0, 0, 0, 0, 0, 0.258, 0.331, 0.38, 0.712, 62, 21.9314917127, 0.661157024793, 0.122, 0.220858895706, 4.89380393589, 0
Evan, Gattis, 274, 68, 15, 0, 18, 22, 3, 1, 1, 0, 0, 0, 5, 0.248, 0.306, 0.5, 0.806, 137, 44.7746052632, 0.791262135922, 0.252, 0.335766423358, 5.72945185832, 0
Scooter, Gennett, 335, 108, 20, 0, 14, 25, 2, 3, 2, 0, 0, 3, 4, 0.322, 0.369, 0.507, 0.876, 170, 66.1902439024, 0.876651982379, 0.185, 0.265671641791, 7.6373358349, 1
Craig, Gentry, 123, 30, 3, 2, 0, 10, 1, 0, 10, 3, 0, 1, 0, 0.244, 0.306, 0.301, 0.607, 37, 12.8299259259, 0.572916666667, 0.057, 0.19512195122, 3.57121649485, 0
Paul, Goldschmidt, 339, 95, 19, 4, 20, 55, 5, 5, 2, 2, 0, 0, 0, 0.28, 0.388, 0.537, 0.925, 182, 75.6717293233, 0.983739837398, 0.257, 0.418879056047, 8.30543370622, 1
Yan, Gomes, 231, 58, 16, 0, 10, 16, 5, 2, 0, 0, 0, 0, 1, 0.251, 0.312, 0.45, 0.762, 104, 34.1792094862, 0.722543352601, 0.199, 0.268398268398, 5.30367043751, 0
Carlos, Gomez, 262, 54, 9, 2, 7, 17, 11, 0, 6, 2, 0, 1, 0, 0.206, 0.283, 0.336, 0.619, 88, 27.1945017182, 0.571428571429, 0.13, 0.209923664122, 3.47986514878, 0
Adrian, Gonzalez, 169, 40, 5, 0, 6, 15, 1, 3, 0, 0, 0, 0, 2, 0.237, 0.299, 0.373, 0.672, 63, 20.1899465241, 0.612403100775, 0.136, 0.224852071006, 4.16128668817, 0
Carlos, Gonzalez, 239, 65, 13, 2, 8, 17, 0, 3, 3, 1, 0, 0, 2, 0.272, 0.318, 0.444, 0.761, 106, 35.2381395349, 0.714285714286, 0.172, 0.251046025105, 5.37530942058, 0
Marwin, Gonzalez, 282, 64, 12, 3, 6, 32, 1, 2, 2, 1, 0, 4, 2, 0.227, 0.306, 0.355, 0.661, 100, 33.5611214953, 0.611872146119, 0.128, 0.244680851064, 4.02733457944, 0
Niko, Goodrum, 234, 60, 20, 2, 8, 23, 2, 1, 7, 1, 0, 0, 2, 0.256, 0.326, 0.462, 0.787, 108, 38.2731034483, 0.794285714286, 0.206, 0.32905982906, 5.83827001753, 1
Alex, Gordon, 259, 65, 9, 0, 6, 23, 7, 2, 4, 1, 0, 0, 0, 0.251, 0.329, 0.355, 0.684, 92, 32.9683044983, 0.641025641026, 0.104, 0.204633204633, 4.5648421613, 1
Dee, Gordon, 338, 96, 14, 3, 1, 6, 5, 0, 22, 6, 0, 7, 3, 0.284, 0.304, 0.352, 0.656, 119, 38.9651810585, 0.588709677419, 0.068, 0.133136094675, 4.07775150612, 1
Yasmani, Grandal, 250, 61, 14, 1, 12, 35, 3, 1, 1, 1, 0, 0, 2, 0.244, 0.341, 0.452, 0.793, 113, 41.9642758621, 0.794736842105, 0.208, 0.348, 5.9012262931, 0
Curtis, Granderson, 213, 52, 14, 1, 9, 34, 2, 0, 1, 1, 0, 1, 0, 0.244, 0.353, 0.446, 0.799, 95, 36.6792, 0.808641975309, 0.202, 0.361502347418, 6.07569570552, 0
Didi, Gregorius, 329, 86, 17, 2, 15, 32, 2, 3, 10, 6, 0, 0, 7, 0.261, 0.324, 0.462, 0.786, 152, 52.0394594595, 0.763052208835, 0.201, 0.310030395137, 5.48853673986, 1
Randal, Grichuk, 181, 37, 10, 0, 11, 14, 4, 0, 3, 0, 0, 0, 2, 0.204, 0.274, 0.442, 0.716, 80, 23.8825870647, 0.701388888889, 0.238, 0.331491712707, 4.41664281333, 1
Robbie, Grossman, 225, 54, 11, 1, 4, 28, 0, 0, 0, 0, 0, 0, 3, 0.24, 0.32, 0.351, 0.671, 79, 28.13625, 0.625730994152, 0.111, 0.235555555556, 4.36596982759, 1
Yuli, Gurriel, 296, 91, 23, 0, 6, 13, 3, 0, 3, 1, 0, 0, 3, 0.307, 0.34, 0.446, 0.786, 132, 46.8688253968, 0.728155339806, 0.139, 0.189189189189, 6.05482433356, 1
Ronald, Guzman, 208, 54, 10, 2, 8, 20, 3, 2, 1, 0, 0, 0, 1, 0.26, 0.332, 0.442, 0.774, 92, 32.6918103448, 0.753246753247, 0.182, 0.283653846154, 5.69470244716, 1
Jedd, Gyorko, 195, 51, 11, 1, 7, 19, 1, 0, 1, 0, 0, 0, 2, 0.262, 0.327, 0.436, 0.763, 85, 30.0228571429, 0.736111111111, 0.174, 0.276923076923, 5.55217221135, 1
Billy, Hamilton, 280, 65, 6, 4, 3, 32, 1, 0, 22, 4, 0, 0, 1, 0.232, 0.312, 0.314, 0.626, 88, 32.492866242, 0.634703196347, 0.082, 0.260714285714, 3.98776085698, 0
Mitch, Haniger, 329, 90, 17, 2, 18, 42, 4, 3, 4, 1, 0, 0, 4, 0.274, 0.359, 0.502, 0.86, 165, 64.2372031662, 0.891666666667, 0.228, 0.364741641337, 7.10821510446, 1
Alen, Hanson, 145, 40, 13, 2, 6, 7, 0, 0, 4, 0, 0, 1, 2, 0.276, 0.305, 0.517, 0.822, 75, 24.3975483871, 0.819047619048, 0.241, 0.31724137931, 6.09938709677, 0
Ian, Happ, 225, 57, 11, 1, 10, 44, 1, 8, 4, 1, 0, 0, 0, 0.253, 0.378, 0.444, 0.822, 100, 41.7840740741, 0.87573964497, 0.191, 0.4, 6.67556213018, 0
Bryce, Harper, 312, 67, 14, 0, 22, 76, 3, 12, 6, 2, 0, 0, 6, 0.215, 0.368, 0.471, 0.839, 147, 61.9018639798, 0.931174089069, 0.256, 0.512820512821, 6.60612777651, 0
Josh, Harrison, 223, 57, 7, 1, 4, 8, 5, 1, 3, 0, 0, 1, 4, 0.256, 0.292, 0.35, 0.641, 78, 24.7701244813, 0.566265060241, 0.094, 0.143497757848, 3.91107228653, 0
Ryon, Healy, 286, 70, 9, 0, 18, 11, 1, 0, 0, 0, 0, 0, 1, 0.245, 0.274, 0.465, 0.739, 133, 37.4731772575, 0.671296296296, 0.22, 0.258741258741, 4.66256122559, 1
Adeiny, Hechavarria, 188, 47, 6, 0, 3, 10, 0, 1, 0, 0, 0, 2, 5, 0.25, 0.281, 0.33, 0.611, 62, 18.9017560976, 0.510638297872, 0.08, 0.132978723404, 3.44829334212, 1
Guillermo, Heredia, 196, 46, 9, 1, 2, 24, 3, 0, 1, 3, 0, 6, 2, 0.235, 0.324, 0.321, 0.646, 63, 22.6363636364, 0.575163398693, 0.086, 0.198979591837, 3.79616036138, 0
Cesar, Hernandez, 340, 89, 12, 1, 8, 58, 2, 2, 14, 2, 0, 0, 1, 0.262, 0.372, 0.374, 0.745, 127, 54.9435411471, 0.786561264822, 0.112, 0.317647058824, 5.84045516131, 0
Enrique, Hernandez, 222, 51, 6, 1, 15, 27, 0, 2, 1, 0, 0, 1, 2, 0.23, 0.311, 0.468, 0.779, 104, 34.8461904762, 0.771929824561, 0.238, 0.364864864865, 5.40716748768, 0
Gorkys, Hernandez, 243, 67, 9, 1, 11, 17, 2, 1, 4, 0, 0, 2, 2, 0.276, 0.326, 0.457, 0.783, 111, 38.7452631579, 0.761363636364, 0.181, 0.267489711934, 5.81178947368, 0
Teoscar, Hernandez, 289, 74, 20, 6, 13, 18, 3, 0, 3, 2, 0, 0, 1, 0.256, 0.305, 0.502, 0.807, 145, 45.6148553055, 0.769585253456, 0.246, 0.311418685121, 5.6495462993, 0
Odubel, Herrera, 345, 96, 14, 2, 16, 24, 4, 0, 4, 2, 0, 1, 1, 0.278, 0.332, 0.47, 0.801, 162, 56.0874666667, 0.764940239044, 0.192, 0.266666666667, 5.98561897233, 1
Jason, Heyward, 258, 72, 15, 3, 5, 24, 1, 1, 0, 0, 0, 2, 2, 0.279, 0.34, 0.419, 0.759, 108, 39.313728223, 0.715053763441, 0.14, 0.232558139535, 5.58668769485, 1
Aaron, Hicks, 251, 65, 12, 2, 16, 38, 2, 0, 7, 0, 0, 1, 4, 0.259, 0.356, 0.514, 0.87, 129, 51.6628378378, 0.94623655914, 0.255, 0.434262948207, 7.30312367341, 1
John, Hicks, 233, 65, 11, 1, 8, 17, 0, 0, 0, 0, 0, 1, 1, 0.279, 0.327, 0.438, 0.764, 102, 34.9671428571, 0.708333333333, 0.159, 0.231759656652, 5.55360504202, 1
Brock, Holt, 166, 49, 12, 1, 1, 19, 3, 1, 4, 3, 0, 0, 2, 0.295, 0.374, 0.398, 0.771, 66, 26.6917894737, 0.741666666667, 0.103, 0.222891566265, 5.90719930975, 1
Rhys, Hoskins, 290, 75, 21, 0, 14, 48, 5, 1, 4, 1, 0, 0, 4, 0.259, 0.369, 0.476, 0.845, 138, 56.9779827089, 0.898148148148, 0.217, 0.393103448276, 6.99275242337, 1
Eric, Hosmer, 348, 89, 23, 1, 9, 37, 0, 6, 4, 2, 0, 0, 0, 0.256, 0.327, 0.405, 0.732, 141, 48.6788571429, 0.689655172414, 0.149, 0.261494252874, 5.03574384236, 1
Nick, Hundley, 141, 36, 7, 1, 8, 9, 0, 1, 0, 0, 0, 0, 0, 0.255, 0.3, 0.489, 0.789, 69, 21.324, 0.742857142857, 0.234, 0.297872340426, 5.48331428571, 0
Chris, Iannetta, 184, 43, 9, 0, 7, 25, 4, 3, 0, 0, 0, 1, 1, 0.234, 0.336, 0.397, 0.733, 73, 27.0586046512, 0.723404255319, 0.163, 0.298913043478, 5.10896731176, 1
Jose, Iglesias, 313, 85, 22, 3, 2, 13, 6, 0, 12, 3, 0, 2, 2, 0.272, 0.311, 0.38, 0.692, 119, 39.7567261905, 0.636363636364, 0.108, 0.178913738019, 4.56779407295, 0
Ender, Inciarte, 356, 87, 12, 2, 6, 33, 4, 1, 23, 8, 0, 1, 1, 0.244, 0.315, 0.34, 0.655, 121, 42.1006582278, 0.624548736462, 0.096, 0.230337078652, 4.07425724786, 0
Austin, Jackson, 149, 36, 8, 0, 0, 14, 1, 2, 2, 0, 0, 0, 1, 0.242, 0.309, 0.295, 0.604, 44, 15.1269090909, 0.53982300885, 0.053, 0.161073825503, 3.58268899522, 0
Travis, Jankowski, 193, 52, 6, 2, 1, 24, 1, 0, 14, 3, 0, 1, 0, 0.269, 0.353, 0.337, 0.69, 65, 26.79543379, 0.701388888889, 0.068, 0.248704663212, 4.98949456778, 0
Jon, Jay, 352, 100, 14, 3, 2, 26, 13, 0, 4, 2, 0, 4, 2, 0.284, 0.354, 0.358, 0.712, 126, 48.7747607053, 0.657480314961, 0.074, 0.153409090909, 5.06507130401, 0
Adam, Jones, 359, 101, 24, 0, 10, 11, 3, 0, 1, 0, 0, 0, 2, 0.281, 0.307, 0.432, 0.738, 155, 49.128, 0.658914728682, 0.151, 0.183844011142, 5.10175384615, 1
JaCoby, Jones, 281, 61, 16, 4, 7, 14, 8, 0, 7, 5, 0, 1, 2, 0.217, 0.272, 0.377, 0.649, 106, 29.8031372549, 0.577777777778, 0.16, 0.217081850534, 3.52931888545, 0
Matthew, Joyce, 192, 39, 9, 0, 7, 30, 1, 1, 0, 1, 0, 1, 2, 0.203, 0.311, 0.359, 0.67, 69, 23.9240707965, 0.642857142857, 0.156, 0.307291666667, 4.11433064652, 0
Aaron, Judge, 331, 93, 18, 0, 25, 64, 2, 3, 6, 2, 0, 0, 3, 0.281, 0.398, 0.562, 0.959, 186, 81.27105, 1.06666666667, 0.281, 0.486404833837, 9.03011666667, 1
Matt, Kemp, 279, 87, 18, 0, 15, 20, 1, 1, 0, 0, 0, 0, 5, 0.312, 0.354, 0.538, 0.892, 150, 55.8767213115, 0.890625, 0.226, 0.297491039427, 7.65823083964, 0
Tony, Kemp, 109, 32, 6, 0, 2, 16, 1, 0, 6, 2, 0, 3, 1, 0.294, 0.386, 0.404, 0.789, 44, 19.3856923077, 0.822784810127, 0.11, 0.293577981651, 6.30618906395, 0
Howie, Kendrick, 152, 46, 14, 0, 4, 5, 2, 1, 1, 1, 0, 0, 1, 0.303, 0.331, 0.474, 0.805, 72, 24.245, 0.738317757009, 0.171, 0.203947368421, 6.06125, 0
Max, Kepler, 305, 70, 19, 3, 10, 37, 0, 1, 3, 2, 0, 0, 1, 0.23, 0.312, 0.41, 0.722, 125, 41.7673469388, 0.68776371308, 0.18, 0.304918032787, 4.73831246784, 1
Isiah, Kiner-Falefa, 231, 58, 13, 2, 2, 21, 4, 1, 7, 3, 0, 5, 1, 0.251, 0.323, 0.351, 0.674, 81, 28.7022900763, 0.625, 0.1, 0.207792207792, 4.25803204429, 1
Scott, Kingery, 297, 68, 17, 1, 4, 19, 2, 0, 8, 2, 0, 0, 3, 0.229, 0.277, 0.333, 0.611, 99, 29.8618691589, 0.545454545455, 0.104, 0.188552188552, 3.44560028756, 1
Ian, Kinsler, 305, 65, 15, 0, 11, 23, 3, 0, 7, 4, 0, 0, 2, 0.213, 0.273, 0.37, 0.644, 113, 32.5113513514, 0.581967213115, 0.157, 0.24262295082, 3.56831905076, 1
Jason, Kipnis, 311, 68, 18, 0, 8, 37, 3, 0, 3, 1, 0, 1, 1, 0.219, 0.307, 0.354, 0.661, 110, 37.283286119, 0.622950819672, 0.135, 0.260450160772, 4.09206798867, 0
Jake, Lamb, 179, 41, 7, 0, 6, 24, 1, 0, 1, 2, 0, 0, 3, 0.229, 0.319, 0.369, 0.688, 66, 23.0585507246, 0.642857142857, 0.14, 0.268156424581, 4.35371237458, 0
DJ, LeMahieu, 283, 76, 19, 0, 8, 21, 0, 0, 4, 3, 0, 1, 4, 0.269, 0.315, 0.42, 0.735, 119, 39.2853074434, 0.671428571429, 0.151, 0.229681978799, 4.93350372545, 1
Sandy, Leon, 131, 33, 6, 0, 4, 6, 2, 0, 1, 0, 0, 1, 1, 0.252, 0.293, 0.389, 0.682, 51, 15.8882269504, 0.612244897959, 0.137, 0.190839694656, 4.2898212766, 0
Francisco, Lindor, 368, 109, 28, 0, 24, 40, 5, 3, 12, 3, 0, 3, 3, 0.296, 0.37, 0.568, 0.938, 209, 82.628353222, 1.00381679389, 0.272, 0.404891304348, 8.32449827236, 1
Evan, Longoria, 256, 63, 16, 1, 10, 10, 2, 1, 1, 0, 0, 0, 2, 0.246, 0.278, 0.434, 0.711, 111, 32.0611111111, 0.642487046632, 0.188, 0.23046875, 4.43923076923, 0
Jed, Lowrie, 352, 101, 25, 1, 16, 37, 2, 0, 0, 0, 0, 0, 2, 0.287, 0.356, 0.5, 0.856, 176, 66.6798982188, 0.856573705179, 0.213, 0.318181818182, 7.11603656881, 1
Jonathan, Lucroy, 245, 60, 13, 1, 1, 17, 2, 1, 0, 0, 0, 1, 1, 0.245, 0.298, 0.318, 0.616, 78, 24.8642105263, 0.524324324324, 0.073, 0.142857142857, 3.59001970166, 0
Dixon, Machado, 214, 44, 13, 1, 1, 14, 3, 1, 1, 1, 0, 1, 1, 0.206, 0.263, 0.29, 0.553, 62, 17.4386266094, 0.461988304094, 0.084, 0.14953271028, 2.72163536679, 0
Manny, Machado, 350, 110, 20, 1, 23, 42, 0, 12, 7, 1, 0, 0, 3, 0.314, 0.385, 0.574, 0.959, 201, 81.8075949367, 1.03319502075, 0.26, 0.397142857143, 9.05247976759, 1
Luke, Maile, 128, 30, 7, 1, 3, 17, 1, 0, 1, 0, 0, 0, 2, 0.234, 0.324, 0.375, 0.699, 48, 17.5913513514, 0.683673469388, 0.141, 0.28125, 4.74966486486, 0
Martin, Maldonado, 238, 58, 14, 0, 5, 13, 8, 0, 0, 1, 0, 1, 1, 0.244, 0.304, 0.366, 0.669, 87, 27.9425287356, 0.591160220994, 0.122, 0.172268907563, 4.12266817411, 1
Trey, Mancini, 318, 70, 12, 0, 11, 32, 3, 0, 0, 1, 0, 0, 2, 0.22, 0.296, 0.362, 0.657, 115, 36.6607323944, 0.598393574297, 0.142, 0.238993710692, 3.94358475955, 0
Manuel, Margot, 267, 64, 17, 3, 3, 22, 2, 3, 7, 6, 0, 1, 1, 0.24, 0.301, 0.36, 0.661, 96, 29.7047098976, 0.578947368421, 0.12, 0.205992509363, 3.80107662197, 1
Jake, Marisnick, 156, 30, 5, 0, 7, 7, 2, 0, 2, 1, 0, 0, 0, 0.192, 0.236, 0.359, 0.595, 56, 13.6753939394, 0.51968503937, 0.167, 0.217948717949, 2.90736721546, 1
Nick, Markakis, 355, 115, 28, 1, 10, 41, 1, 7, 1, 0, 0, 0, 5, 0.324, 0.391, 0.493, 0.884, 175, 73.1182587065, 0.908333333333, 0.169, 0.287323943662, 8.05793055133, 1
Ketel, Marte, 310, 76, 16, 8, 8, 27, 1, 2, 2, 0, 0, 0, 1, 0.245, 0.307, 0.426, 0.733, 132, 43.0480235988, 0.692307692308, 0.181, 0.274193548387, 4.94594313689, 0
Starling, Marte, 298, 84, 15, 4, 10, 22, 2, 0, 23, 4, 0, 0, 3, 0.282, 0.332, 0.46, 0.792, 137, 50.1632, 0.825688073394, 0.178, 0.315436241611, 6.12853574661, 1
Leonys, Martin, 276, 71, 15, 3, 9, 27, 2, 0, 7, 2, 0, 0, 1, 0.257, 0.327, 0.431, 0.758, 119, 41.8581699346, 0.739130434783, 0.174, 0.289855072464, 5.43351244344, 0
Russell, Martin, 196, 34, 4, 0, 6, 40, 4, 0, 0, 2, 0, 0, 0, 0.173, 0.325, 0.286, 0.611, 56, 21.356, 0.59756097561, 0.113, 0.30612244898, 3.51592682927, 1
J.D., Martinez, 335, 111, 21, 1, 28, 35, 2, 2, 2, 1, 0, 0, 3, 0.331, 0.395, 0.651, 1.045, 218, 90.0424, 1.13777777778, 0.32, 0.426865671642, 10.6629157895, 1
Jose, Martinez, 308, 93, 18, 0, 13, 32, 2, 0, 0, 3, 0, 0, 3, 0.302, 0.368, 0.487, 0.855, 150, 57.6510144928, 0.830275229358, 0.185, 0.279220779221, 7.04333661224, 1
Victor, Martinez, 288, 69, 10, 0, 4, 22, 1, 3, 0, 0, 0, 0, 4, 0.24, 0.292, 0.316, 0.608, 91, 28.704, 0.520547945205, 0.076, 0.152777777778, 3.47537219731, 0
Joe, Mauer, 222, 59, 13, 0, 2, 30, 2, 1, 0, 0, 0, 1, 1, 0.266, 0.357, 0.351, 0.708, 78, 30.961328125, 0.674846625767, 0.085, 0.220720720721, 5.06639914773, 1
Cameron, Maybin, 217, 51, 11, 1, 1, 23, 1, 1, 5, 4, 0, 0, 2, 0.235, 0.309, 0.309, 0.617, 67, 22.3869135802, 0.541176470588, 0.074, 0.184331797235, 3.5142248062, 0
Nomar, Mazara, 341, 91, 15, 1, 15, 30, 3, 2, 1, 0, 0, 0, 2, 0.267, 0.33, 0.449, 0.778, 153, 53.63, 0.748, 0.182, 0.272727272727, 5.74607142857, 0
Brian, McCann, 155, 32, 3, 0, 5, 13, 4, 0, 0, 0, 0, 0, 1, 0.206, 0.283, 0.323, 0.606, 50, 15.5610404624, 0.544715447154, 0.117, 0.2, 3.38829106843, 0
James, McCann, 252, 56, 9, 0, 5, 16, 2, 0, 0, 2, 0, 0, 2, 0.222, 0.272, 0.317, 0.59, 80, 22.6905882353, 0.484848484848, 0.095, 0.150793650794, 3.06322941176, 0
Andrew, McCutchen, 340, 88, 22, 2, 9, 41, 4, 0, 7, 2, 0, 0, 4, 0.259, 0.342, 0.415, 0.757, 141, 53.3496658098, 0.751968503937, 0.156, 0.291176470588, 5.58310456149, 0
Austin, Meadows, 148, 45, 8, 2, 5, 7, 1, 2, 4, 1, 0, 0, 2, 0.304, 0.335, 0.486, 0.822, 72, 25.2364556962, 0.798076923077, 0.182, 0.25, 6.42815380941, 1
Jordy, Mercer, 281, 68, 19, 2, 5, 22, 4, 6, 1, 0, 0, 0, 3, 0.242, 0.303, 0.377, 0.68, 106, 34.3494193548, 0.62441314554, 0.135, 0.217081850534, 4.29367741935, 0
Whit, Merrifield, 340, 104, 29, 0, 5, 34, 6, 1, 16, 5, 0, 1, 4, 0.306, 0.375, 0.435, 0.81, 148, 61.0372467532, 0.825726141079, 0.129, 0.261764705882, 6.6992100095, 1
Devin, Mesoraco, 166, 38, 6, 0, 8, 16, 4, 0, 0, 0, 0, 0, 0, 0.229, 0.312, 0.41, 0.721, 68, 22.8258064516, 0.6875, 0.181, 0.277108433735, 4.81481854839, 0
Brad, Miller, 206, 53, 13, 1, 7, 21, 0, 1, 0, 0, 0, 0, 2, 0.257, 0.323, 0.432, 0.755, 89, 30.7762445415, 0.718954248366, 0.175, 0.276699029126, 5.36102324271, 0
Yadier, Molina, 215, 59, 7, 0, 13, 13, 3, 0, 2, 1, 0, 0, 5, 0.274, 0.318, 0.488, 0.806, 105, 35.3694915254, 0.777070063694, 0.214, 0.279069767442, 5.89491525424, 0
Yoan, Moncada, 334, 77, 18, 4, 11, 30, 1, 0, 9, 0, 0, 1, 1, 0.231, 0.295, 0.407, 0.702, 136, 44.0769482289, 0.684824902724, 0.176, 0.293413173653, 4.59489421691, 0
Kendrys, Morales, 222, 54, 11, 0, 10, 22, 0, 5, 2, 0, 0, 0, 3, 0.243, 0.308, 0.428, 0.736, 95, 31.3907692308, 0.708333333333, 0.185, 0.292792792793, 4.95643724696, 0
Colin, Moran, 250, 64, 13, 0, 8, 27, 3, 3, 0, 2, 0, 0, 4, 0.256, 0.331, 0.404, 0.735, 101, 35.6661971831, 0.686170212766, 0.148, 0.248, 5.01555897887, 0
Mitch, Moreland, 242, 69, 15, 4, 11, 28, 0, 1, 1, 0, 0, 0, 3, 0.285, 0.355, 0.517, 0.872, 125, 47.6472527473, 0.890173410405, 0.232, 0.351239669421, 7.30952172827, 1
Logan, Morrison, 259, 50, 13, 0, 10, 30, 5, 0, 1, 0, 0, 0, 1, 0.193, 0.288, 0.359, 0.647, 93, 29.7183050847, 0.617224880383, 0.166, 0.285714285714, 3.82092493947, 1
Mike, Moustakas, 339, 85, 18, 1, 17, 25, 4, 3, 3, 0, 0, 0, 4, 0.251, 0.306, 0.46, 0.767, 156, 50.9935483871, 0.740157480315, 0.209, 0.29203539823, 5.33653413353, 1
Max, Muncy, 206, 56, 8, 0, 21, 49, 1, 3, 2, 0, 0, 0, 1, 0.272, 0.412, 0.617, 1.029, 127, 58.0649027237, 1.19333333333, 0.345, 0.592233009709, 10.3824660499, 1
Yairo, Munoz, 151, 43, 5, 0, 5, 12, 1, 2, 4, 1, 0, 0, 1, 0.285, 0.339, 0.417, 0.757, 63, 22.82, 0.724770642202, 0.132, 0.23178807947, 5.60127272727, 1
John, Ryan, 151, 37, 7, 0, 9, 10, 1, 1, 0, 0, 0, 1, 1, 0.245, 0.294, 0.47, 0.765, 71, 21.8458536585, 0.719298245614, 0.225, 0.291390728477, 5.08481076535, 0
Wil, Myers, 104, 31, 6, 1, 8, 9, 0, 1, 4, 0, 0, 0, 0, 0.298, 0.354, 0.606, 0.96, 63, 23.7734513274, 1.04109589041, 0.308, 0.432692307692, 8.79292035398, 1
Tyler, Naquin, 139, 37, 6, 0, 2, 5, 2, 1, 0, 1, 0, 0, 1, 0.266, 0.299, 0.353, 0.652, 49, 14.9417687075, 0.533980582524, 0.087, 0.115107913669, 3.87911302983, 1
Omar, Narvaez, 140, 38, 10, 0, 2, 15, 0, 0, 0, 2, 0, 2, 0, 0.271, 0.342, 0.386, 0.728, 54, 19.1461146497, 0.644230769231, 0.115, 0.207142857143, 4.87684052398, 1
Brandon, Nimmo, 243, 62, 11, 6, 12, 36, 13, 1, 7, 4, 0, 0, 0, 0.255, 0.38, 0.498, 0.878, 121, 50.2460273973, 0.935135135135, 0.243, 0.40329218107, 7.33320399852, 0
Eduardo, Nunez, 289, 74, 15, 0, 6, 11, 2, 0, 4, 2, 0, 1, 2, 0.256, 0.286, 0.37, 0.656, 107, 31.7760655738, 0.562211981567, 0.114, 0.159169550173, 3.89978986587, 0
Rougned, Odor, 219, 53, 11, 1, 6, 20, 6, 1, 5, 4, 0, 2, 2, 0.242, 0.32, 0.384, 0.703, 84, 28.6686746988, 0.652941176471, 0.142, 0.237442922374, 4.44858745326, 1
Shohei, Ohtani, 135, 38, 9, 1, 7, 17, 0, 1, 2, 0, 0, 0, 0, 0.281, 0.362, 0.519, 0.88, 70, 27.2105263158, 0.917525773196, 0.238, 0.377777777778, 7.57406402604, 1
Matt, Olson, 332, 80, 16, 0, 19, 37, 7, 2, 2, 1, 0, 0, 1, 0.241, 0.329, 0.461, 0.79, 153, 53.9894960212, 0.782608695652, 0.22, 0.334337349398, 5.73904091564, 1
Chris, Owings, 223, 43, 12, 0, 3, 18, 2, 3, 6, 3, 0, 0, 2, 0.193, 0.257, 0.287, 0.544, 64, 17.7746938776, 0.475409836066, 0.094, 0.188340807175, 2.59414451186, 1
Marcell, Ozuna, 336, 92, 9, 1, 10, 21, 1, 0, 2, 0, 0, 0, 3, 0.274, 0.316, 0.396, 0.712, 133, 44.6273684211, 0.643442622951, 0.122, 0.190476190476, 4.87829533348, 1
Daniel, Palka, 203, 45, 8, 3, 11, 14, 0, 2, 2, 1, 0, 0, 0, 0.222, 0.272, 0.453, 0.725, 92, 25.7017511521, 0.672955974843, 0.231, 0.305418719212, 4.36444830884, 0
Joe, Panik, 200, 48, 7, 1, 4, 18, 3, 2, 1, 1, 0, 1, 2, 0.24, 0.309, 0.345, 0.654, 69, 23.0775, 0.588235294118, 0.105, 0.195, 3.99418269231, 0
Gerardo, Parra, 261, 77, 14, 0, 5, 14, 2, 1, 6, 3, 0, 1, 3, 0.295, 0.332, 0.406, 0.738, 106, 36.8647686833, 0.668449197861, 0.111, 0.176245210728, 5.21125002329, 0
Steve, Pearce, 103, 34, 10, 0, 5, 9, 0, 0, 0, 0, 0, 0, 1, 0.33, 0.381, 0.573, 0.953, 59, 23.5396460177, 0.985507246377, 0.243, 0.330097087379, 9.07957774968, 0
Joc, Pederson, 221, 54, 15, 3, 13, 25, 2, 2, 1, 3, 0, 1, 2, 0.244, 0.324, 0.516, 0.84, 114, 38.0925896414, 0.817647058824, 0.272, 0.37556561086, 5.94508624462, 0
David, Peralta, 328, 95, 17, 4, 16, 28, 4, 3, 2, 0, 0, 0, 1, 0.29, 0.352, 0.512, 0.864, 168, 62.3038781163, 0.8669527897, 0.222, 0.314024390244, 7.18890901342, 1
Jose, Peraza, 349, 96, 14, 3, 5, 22, 4, 2, 17, 2, 0, 5, 2, 0.275, 0.324, 0.375, 0.699, 131, 47.032460733, 0.674509803922, 0.1, 0.206303724928, 4.84685664042, 1
Hernan, Perez, 186, 46, 8, 1, 6, 9, 0, 0, 7, 2, 0, 0, 1, 0.247, 0.281, 0.398, 0.678, 74, 21.7678571429, 0.619718309859, 0.151, 0.225806451613, 4.11001498501, 0
Salvador, Perez, 272, 58, 11, 0, 11, 9, 7, 0, 1, 1, 0, 0, 3, 0.213, 0.254, 0.375, 0.629, 102, 27.1529896907, 0.548837209302, 0.162, 0.194852941176, 3.36298496169, 1
Tommy, Pham, 301, 74, 9, 0, 13, 38, 1, 1, 9, 5, 0, 0, 1, 0.246, 0.331, 0.405, 0.737, 122, 43.4153665689, 0.711206896552, 0.159, 0.299003322259, 5.03096522472, 0
Kevin, Pillar, 333, 81, 25, 2, 8, 14, 3, 0, 11, 0, 0, 0, 5, 0.243, 0.276, 0.402, 0.678, 134, 40.5085070423, 0.642857142857, 0.159, 0.234234234234, 4.25575754919, 1
Manny, Pina, 194, 44, 9, 1, 6, 15, 4, 1, 0, 0, 0, 0, 1, 0.227, 0.294, 0.376, 0.671, 73, 23.0214953271, 0.613333333333, 0.149, 0.226804123711, 4.11642631677, 0
Chad, Pinder, 179, 44, 8, 1, 8, 14, 3, 1, 0, 0, 0, 0, 0, 0.246, 0.311, 0.436, 0.747, 78, 25.5702040816, 0.703703703704, 0.19, 0.268156424581, 5.11404081633, 0
Jose, Pirela, 329, 86, 18, 2, 3, 23, 2, 0, 4, 2, 0, 0, 2, 0.261, 0.312, 0.356, 0.667, 117, 38.7684831461, 0.587755102041, 0.095, 0.170212765957, 4.23785038439, 0
Stephen, Piscotty, 292, 75, 22, 0, 11, 23, 5, 0, 0, 0, 0, 0, 3, 0.257, 0.319, 0.445, 0.764, 130, 44.2740557276, 0.728110599078, 0.188, 0.267123287671, 5.43363411202, 1
Gregory, Polanco, 275, 65, 21, 2, 13, 43, 3, 3, 4, 2, 0, 0, 4, 0.236, 0.342, 0.469, 0.811, 129, 48.4094153846, 0.834905660377, 0.233, 0.396363636364, 6.05117692308, 1
A.J., Pollock, 171, 49, 11, 3, 12, 14, 4, 2, 9, 2, 0, 0, 2, 0.287, 0.351, 0.596, 0.947, 102, 38.0743455497, 1.02419354839, 0.309, 0.432748538012, 8.15878833209, 1
Buster, Posey, 280, 79, 18, 1, 5, 34, 3, 3, 3, 0, 0, 0, 2, 0.282, 0.364, 0.407, 0.771, 114, 45.6145454545, 0.766169154229, 0.125, 0.257142857143, 6.06695924765, 0
Jurickson, Profar, 299, 74, 23, 4, 9, 27, 10, 1, 8, 0, 0, 0, 2, 0.247, 0.328, 0.441, 0.77, 132, 48.1306508876, 0.786666666667, 0.194, 0.311036789298, 5.72479107473, 0
Yasiel, Puig, 252, 67, 17, 0, 11, 23, 0, 2, 7, 3, 0, 0, 1, 0.266, 0.326, 0.464, 0.79, 117, 39.912826087, 0.765957446809, 0.198, 0.305555555556, 5.70183229814, 0
Albert, Pujols, 340, 84, 15, 0, 14, 17, 2, 2, 0, 0, 0, 0, 1, 0.247, 0.286, 0.415, 0.701, 141, 41.7550555556, 0.625, 0.168, 0.217647058824, 4.38671789883, 1
Hanley, Ramirez, 177, 45, 7, 0, 6, 14, 2, 0, 4, 1, 0, 0, 2, 0.254, 0.313, 0.395, 0.708, 70, 23.7784615385, 0.669172932331, 0.141, 0.237288135593, 4.75569230769, 0
Jose, Ramirez, 341, 99, 26, 1, 25, 54, 3, 8, 19, 2, 0, 0, 1, 0.29, 0.391, 0.592, 0.983, 202, 86.8961403509, 1.13114754098, 0.302, 0.510263929619, 9.57630934479, 1
Wilson, Ramos, 282, 82, 11, 0, 14, 21, 0, 1, 0, 0, 0, 0, 0, 0.291, 0.34, 0.479, 0.819, 135, 47.6587458746, 0.78, 0.188, 0.262411347518, 6.43393069307, 1
J.T., Realmuto, 265, 84, 20, 3, 12, 16, 6, 0, 1, 2, 0, 0, 1, 0.317, 0.368, 0.551, 0.919, 146, 55.1633333333, 0.912568306011, 0.234, 0.290566037736, 8.09461956522, 0
Josh, Reddick, 230, 61, 9, 0, 8, 27, 0, 1, 5, 1, 0, 1, 2, 0.265, 0.34, 0.409, 0.748, 94, 35.1078461538, 0.735294117647, 0.144, 0.278260869565, 5.47925922632, 0
Anthony, Rendon, 273, 76, 25, 0, 13, 29, 0, 3, 0, 1, 0, 0, 4, 0.278, 0.343, 0.513, 0.856, 140, 50.5861437908, 0.848484848485, 0.235, 0.336996336996, 6.76151426907, 1
Hunter, Renfroe, 167, 40, 14, 1, 5, 16, 2, 0, 1, 0, 0, 0, 1, 0.24, 0.312, 0.425, 0.737, 71, 23.9234408602, 0.708661417323, 0.185, 0.287425149701, 5.04635080645, 1
Mark, Reynolds, 111, 33, 3, 0, 10, 14, 0, 0, 0, 0, 0, 0, 2, 0.297, 0.37, 0.595, 0.965, 66, 26.1571653543, 1.02564102564, 0.298, 0.423423423423, 8.82804330709, 0
JT, Riddle, 138, 38, 5, 3, 5, 6, 0, 0, 0, 1, 0, 3, 0, 0.275, 0.306, 0.464, 0.769, 64, 19.6337414966, 0.683168316832, 0.189, 0.224637681159, 5.09722135008, 1
Anthony, Rizzo, 300, 72, 12, 0, 12, 34, 12, 5, 3, 2, 0, 0, 5, 0.24, 0.336, 0.4, 0.736, 120, 44.5558974359, 0.726086956522, 0.16, 0.276666666667, 5.11918821604, 0
Daniel, Robertson, 231, 61, 12, 0, 7, 40, 9, 0, 1, 2, 0, 0, 1, 0.264, 0.391, 0.407, 0.798, 94, 41.424341637, 0.825581395349, 0.143, 0.311688311688, 6.46507066011, 0
Miguel, Rojas, 306, 79, 9, 0, 7, 19, 8, 2, 6, 1, 0, 2, 3, 0.258, 0.315, 0.356, 0.672, 109, 37.6571005917, 0.618421052632, 0.098, 0.176470588235, 4.36369835183, 0
Austin, Romine, 109, 30, 8, 0, 5, 12, 0, 0, 0, 0, 0, 1, 1, 0.275, 0.344, 0.486, 0.831, 53, 19.5180487805, 0.822784810127, 0.211, 0.321100917431, 6.50601626016, 0
Amed, Rosario, 269, 65, 14, 4, 4, 15, 2, 4, 4, 4, 0, 3, 1, 0.242, 0.286, 0.368, 0.654, 99, 28.6555862069, 0.557692307692, 0.126, 0.182156133829, 3.6495322056, 1
Eddie, Rosario, 353, 106, 23, 2, 18, 22, 0, 3, 6, 1, 0, 1, 0, 0.3, 0.341, 0.53, 0.871, 187, 66.0602659574, 0.862903225806, 0.23, 0.305949008499, 7.16316136888, 1
Addison, Russell, 276, 77, 18, 1, 5, 29, 2, 2, 4, 0, 0, 1, 2, 0.279, 0.35, 0.406, 0.755, 112, 42.9143225806, 0.738693467337, 0.127, 0.246376811594, 5.73607282019, 1
Carlos, Sanchez, 335, 86, 19, 9, 5, 21, 5, 0, 9, 1, 0, 0, 3, 0.257, 0.308, 0.412, 0.72, 138, 46.0467032967, 0.688, 0.155, 0.241791044776, 4.91407505538, 1
Gary, Sanchez, 231, 44, 14, 0, 14, 31, 2, 0, 0, 0, 0, 0, 1, 0.19, 0.291, 0.433, 0.723, 100, 31.700754717, 0.711229946524, 0.243, 0.376623376623, 4.55276796467, 0
Pablo, Sandoval, 198, 51, 7, 0, 8, 17, 1, 2, 0, 0, 0, 0, 1, 0.258, 0.318, 0.414, 0.732, 82, 27.561843318, 0.680272108844, 0.156, 0.242424242424, 5.02817411882, 0
Miguel, Sano, 148, 30, 9, 0, 7, 14, 0, 0, 0, 0, 0, 0, 1, 0.203, 0.27, 0.405, 0.675, 60, 17.3192638037, 0.627118644068, 0.202, 0.297297297297, 3.92958086302, 0
Carlos, Santana, 305, 66, 17, 1, 14, 74, 1, 4, 1, 1, 0, 0, 6, 0.216, 0.365, 0.416, 0.782, 127, 54.0777202073, 0.841666666667, 0.2, 0.44262295082, 5.93535953494, 0
Domingo, Santana, 189, 47, 11, 0, 3, 18, 1, 1, 1, 1, 0, 0, 3, 0.249, 0.313, 0.354, 0.667, 67, 22.7222748815, 0.601398601399, 0.105, 0.201058201058, 4.20206453288, 0
Scott, Schebler, 258, 72, 15, 0, 12, 23, 7, 1, 3, 1, 0, 0, 2, 0.279, 0.352, 0.477, 0.828, 123, 46.3694482759, 0.828877005348, 0.198, 0.294573643411, 6.62420689655, 0
Jonathan, Schoop, 286, 65, 16, 1, 10, 12, 3, 1, 0, 1, 0, 1, 1, 0.227, 0.265, 0.395, 0.66, 113, 30.6822442244, 0.572072072072, 0.168, 0.206293706294, 3.69830622348, 1
Kyle, Schwarber, 254, 63, 10, 1, 17, 52, 1, 10, 3, 3, 0, 1, 1, 0.248, 0.377, 0.496, 0.873, 126, 51.1169579288, 0.922680412371, 0.248, 0.452755905512, 7.0416217555, 0
Kyle, Seager, 352, 84, 22, 0, 16, 22, 4, 1, 1, 1, 0, 0, 2, 0.239, 0.289, 0.438, 0.727, 154, 46.4856315789, 0.669144981413, 0.199, 0.261363636364, 4.63140978831, 1
Jean, Segura, 353, 116, 24, 2, 7, 17, 1, 0, 14, 6, 0, 3, 5, 0.329, 0.356, 0.467, 0.824, 165, 61.1698153034, 0.786008230453, 0.138, 0.209631728045, 6.58001997288, 1
Marcus, Semien, 368, 93, 18, 2, 7, 30, 0, 0, 7, 2, 0, 1, 5, 0.253, 0.305, 0.37, 0.675, 136, 45.0934653465, 0.617328519856, 0.117, 0.211956521739, 4.30220340762, 1
Pedro, Severino, 181, 31, 9, 0, 2, 17, 4, 4, 1, 0, 0, 0, 1, 0.171, 0.256, 0.254, 0.51, 46, 13.1818719212, 0.453333333333, 0.083, 0.182320441989, 2.35702345611, 0
Travis, Shaw, 296, 72, 19, 0, 16, 45, 1, 4, 1, 2, 0, 1, 3, 0.243, 0.342, 0.47, 0.812, 139, 51.1338728324, 0.814159292035, 0.227, 0.375, 6.00267202815, 1
Andrelton, Simmons, 301, 94, 17, 2, 6, 27, 3, 2, 5, 2, 0, 1, 2, 0.312, 0.372, 0.442, 0.814, 133, 52.7595209581, 0.794258373206, 0.13, 0.229235880399, 6.71937295221, 1
Mallex, Smith, 254, 70, 13, 5, 1, 23, 3, 0, 15, 6, 0, 6, 1, 0.276, 0.342, 0.378, 0.72, 96, 35.8118466899, 0.689473684211, 0.102, 0.228346456693, 4.90822264278, 0
Justin, Smoak, 286, 69, 23, 0, 13, 53, 3, 2, 0, 1, 0, 0, 3, 0.241, 0.362, 0.458, 0.82, 131, 52.6910144928, 0.853211009174, 0.217, 0.398601398601, 6.43736376156, 1
Yangervis, Solarte, 344, 86, 18, 0, 16, 28, 2, 1, 1, 0, 0, 0, 2, 0.25, 0.309, 0.442, 0.75, 152, 49.7010638298, 0.709302325581, 0.192, 0.276162790698, 5.16126432079, 1
Jorge, Soler, 223, 59, 18, 0, 9, 28, 4, 0, 3, 0, 0, 0, 2, 0.265, 0.354, 0.466, 0.82, 104, 40.6915175097, 0.84756097561, 0.201, 0.340807174888, 6.61849983592, 0
Juan, Soto, 157, 49, 11, 0, 9, 31, 0, 2, 1, 0, 0, 0, 0, 0.312, 0.426, 0.554, 0.98, 87, 40.4510638298, 1.10185185185, 0.242, 0.445859872611, 10.1127659574, 1
Denard, Span, 253, 67, 13, 2, 8, 36, 1, 0, 6, 3, 0, 0, 3, 0.265, 0.355, 0.427, 0.782, 108, 42.1580204778, 0.783068783069, 0.162, 0.316205533597, 5.92847162969, 0
Cory, Spangenberg, 185, 43, 5, 2, 6, 6, 2, 0, 5, 1, 0, 2, 0, 0.232, 0.264, 0.378, 0.643, 70, 19.4153846154, 0.573426573427, 0.146, 0.2, 3.61527851459, 0
George, Springer, 361, 91, 17, 0, 15, 41, 5, 0, 6, 1, 0, 0, 2, 0.252, 0.335, 0.424, 0.759, 153, 56.2355012225, 0.752767527675, 0.172, 0.299168975069, 5.56175286816, 1
Giancarlo, Stanton, 350, 94, 18, 1, 22, 34, 6, 3, 2, 0, 0, 0, 4, 0.269, 0.34, 0.514, 0.854, 180, 65.5511675127, 0.8671875, 0.245, 0.348571428571, 6.80723662632, 0
Max, Stassi, 154, 39, 12, 0, 7, 16, 4, 0, 0, 0, 0, 0, 0, 0.253, 0.339, 0.468, 0.807, 72, 26.1770114943, 0.8, 0.215, 0.318181818182, 6.14590704648, 0
Trevor, Story, 346, 99, 25, 5, 17, 30, 5, 1, 11, 4, 0, 0, 3, 0.286, 0.349, 0.535, 0.884, 185, 68.0875, 0.90438247012, 0.249, 0.35549132948, 7.2376476378, 1
Eugenio, Suarez, 282, 89, 14, 2, 19, 39, 6, 4, 1, 0, 0, 0, 4, 0.316, 0.405, 0.582, 0.986, 164, 71.7608459215, 1.08808290155, 0.266, 0.40780141844, 9.83524284203, 1
Kurt, Suzuki, 211, 58, 14, 0, 8, 17, 7, 0, 0, 0, 0, 0, 4, 0.275, 0.343, 0.455, 0.798, 96, 35.7917991632, 0.78431372549, 0.18, 0.260663507109, 6.15527756309, 1
Dansby, Swanson, 288, 71, 18, 3, 7, 21, 1, 6, 3, 2, 0, 3, 0, 0.247, 0.3, 0.403, 0.703, 116, 35.8417891374, 0.634703196347, 0.156, 0.232638888889, 4.35913651671, 1
Chris, Taylor, 328, 84, 20, 8, 10, 33, 7, 0, 4, 4, 0, 0, 2, 0.256, 0.335, 0.457, 0.792, 150, 53.0335135135, 0.766129032258, 0.201, 0.301829268293, 5.72761945946, 0
Michael, A., 272, 66, 18, 2, 5, 25, 0, 1, 23, 5, 0, 2, 0, 0.243, 0.306, 0.379, 0.685, 103, 35.1593311037, 0.691943127962, 0.136, 0.294117647059, 4.45681661878, 0
Eric, Thames, 150, 38, 5, 2, 13, 19, 2, 3, 5, 0, 0, 0, 0, 0.253, 0.345, 0.573, 0.918, 86, 32.1843274854, 1.0, 0.32, 0.48, 7.75872180451, 1
Gleyber, Torres, 218, 64, 10, 1, 15, 17, 3, 2, 2, 1, 0, 1, 2, 0.294, 0.35, 0.555, 0.905, 121, 44.1794190871, 0.916129032258, 0.261, 0.344036697248, 7.54964756552, 0
Devon, Travis, 175, 40, 6, 2, 5, 9, 4, 1, 1, 1, 0, 0, 0, 0.229, 0.282, 0.371, 0.653, 65, 18.9855319149, 0.573529411765, 0.142, 0.194285714286, 3.7691864831, 1
Mike, Trout, 318, 100, 18, 3, 25, 80, 5, 17, 14, 0, 0, 0, 2, 0.314, 0.457, 0.626, 1.083, 199, 102.777777778, 1.36697247706, 0.312, 0.606918238994, 12.6136363636, 1
Mark, Trumbo, 216, 55, 10, 0, 12, 18, 2, 0, 0, 0, 0, 0, 0, 0.255, 0.318, 0.468, 0.785, 101, 33.75, 0.751552795031, 0.213, 0.296296296296, 5.6599378882, 0
Justin, Turner, 158, 42, 7, 0, 5, 20, 4, 1, 1, 0, 0, 0, 1, 0.266, 0.361, 0.405, 0.766, 64, 25.6137704918, 0.76724137931, 0.139, 0.272151898734, 5.91087011349, 0
Trea, Turner, 368, 100, 14, 2, 11, 41, 3, 2, 22, 5, 0, 0, 0, 0.272, 0.35, 0.41, 0.76, 151, 58.487961165, 0.776556776557, 0.138, 0.296195652174, 5.78452363171, 0
Justin, Upton, 331, 82, 10, 0, 17, 44, 4, 1, 4, 0, 0, 0, 5, 0.248, 0.339, 0.432, 0.771, 143, 54.1328125, 0.78313253012, 0.184, 0.329305135952, 5.75427534449, 1
Chase, Utley, 128, 29, 7, 1, 1, 13, 1, 2, 2, 0, 0, 0, 1, 0.227, 0.301, 0.32, 0.621, 41, 13.7359440559, 0.575757575758, 0.093, 0.2109375, 3.7087048951, 0
Luis, Valbuena, 240, 51, 8, 0, 9, 14, 1, 1, 2, 0, 0, 0, 2, 0.213, 0.257, 0.358, 0.615, 86, 23.5545525292, 0.544973544974, 0.145, 0.2125, 3.32970114287, 1
Danny, Valencia, 202, 51, 7, 1, 9, 20, 0, 2, 1, 1, 0, 0, 4, 0.252, 0.314, 0.431, 0.745, 87, 29.2017699115, 0.703947368421, 0.179, 0.277227722772, 5.05415248468, 0
Christian, Vazquez, 207, 44, 9, 0, 3, 7, 3, 0, 2, 1, 0, 1, 0, 0.213, 0.249, 0.3, 0.548, 62, 16.0847706422, 0.44512195122, 0.087, 0.125603864734, 2.63205337781, 0
Christian, Villanueva, 256, 58, 10, 0, 17, 16, 5, 0, 2, 0, 0, 0, 1, 0.227, 0.284, 0.465, 0.749, 119, 35.8114388489, 0.717171717172, 0.238, 0.30859375, 4.85883843679, 1
Jonathan, Villar, 245, 65, 10, 1, 6, 16, 2, 0, 13, 2, 0, 0, 1, 0.265, 0.314, 0.388, 0.702, 95, 32.8172727273, 0.681318681319, 0.123, 0.232653061224, 4.84189269747, 0
Joey, Votto, 327, 95, 19, 2, 9, 69, 6, 3, 1, 0, 0, 0, 1, 0.291, 0.422, 0.443, 0.865, 145, 69.5017369727, 0.952586206897, 0.152, 0.366972477064, 8.05384934877, 1
Neil, Walker, 183, 36, 7, 0, 2, 20, 1, 1, 0, 0, 0, 0, 1, 0.197, 0.278, 0.268, 0.546, 49, 15.2148292683, 0.47619047619, 0.071, 0.180327868852, 2.77567831246, 1
Joey, Wendle, 248, 69, 8, 3, 3, 16, 4, 1, 7, 1, 0, 0, 5, 0.278, 0.326, 0.371, 0.697, 92, 33.2594871795, 0.655555555556, 0.093, 0.181451612903, 4.85408731809, 0
Nick, Williams, 221, 56, 7, 2, 11, 20, 5, 2, 2, 1, 0, 0, 0, 0.253, 0.329, 0.452, 0.782, 100, 34.8032520325, 0.759036144578, 0.199, 0.294117647059, 5.6607699089, 1
Jesse, Winker, 251, 71, 13, 0, 6, 46, 2, 2, 0, 0, 0, 1, 1, 0.283, 0.397, 0.406, 0.803, 102, 45.4651162791, 0.833333333333, 0.123, 0.306772908367, 6.7448249425, 1
Kolten, Wong, 217, 48, 8, 2, 7, 18, 12, 2, 3, 2, 0, 4, 2, 0.221, 0.313, 0.373, 0.687, 81, 27.924743083, 0.654970760234, 0.152, 0.239631336406, 4.25970657198, 1
Christian, Yelich, 291, 85, 14, 2, 11, 31, 4, 1, 12, 1, 0, 0, 2, 0.292, 0.366, 0.467, 0.833, 136, 55.1898780488, 0.87922705314, 0.175, 0.319587628866, 7.12979285798, 1
Ben, Zobrist, 234, 69, 12, 1, 6, 37, 1, 1, 2, 1, 0, 0, 3, 0.295, 0.389, 0.432, 0.821, 101, 43.6411636364, 0.843373493976, 0.137, 0.299145299145, 6.97225691232, 0
Mike, Zunino, 201, 38, 7, 0, 12, 11, 6, 0, 0, 0, 0, 0, 1, 0.189, 0.251, 0.403, 0.654, 81, 21.5831050228, 0.601226993865, 0.214, 0.268656716418, 3.55331607083, 0
